
nome_da_rede = '14 barras IEEE';
baseMVA = 1.0; %pneves já está dividido por 100
%	Número - Tipo - V - Ângulo - Pg - Qg - Pc - Qc - bshk
barras =[ 1   3   1.00   0.00   0.00   0.00  0.00   0.000   0.00
          2   2   1.00   0.00   0.00   0.00  0.217  0.127   0.00
          3   2   1.00   0.00   0.00   0.00  0.942  0.190   0.00
          4   0   1.00   0.00   0.00   0.00  0.478 -0.039   0.00
          5   0   1.00   0.00   0.00   0.00  0.076  0.016   0.00
          6   2   1.00   0.00   0.00   0.00  0.112  0.075   0.00
          7   0   1.00   0.00   0.00   0.00  0.000  0.000   0.00
          8   2   1.00   0.00   0.00   0.00  0.000  0.000   0.00
          9   0   1.00   0.00   0.00   0.00  0.295  0.166   0.19
         10   0   1.00   0.00   0.00   0.00  0.900  0.058   0.00
         11   0   1.00   0.00   0.00   0.00  0.350  0.018   0.00
         12   0   1.00   0.00   0.00   0.00  0.610  0.016   0.00
         13   0   1.00   0.00   0.00   0.00  0.135  0.058   0.00
         14   0   1.00   0.00   0.00   0.00  0.149  0.050   0.00];
%	De - Para - r - x - bshl - tap - fi
ramos=[1    5  0.05403   0.22304     0.0492  1.000  0.00
       1    2  0.01938   0.05917     0.0528  1.000  0.00 
       2    5  0.05695   0.17388     0.0346  1.000  0.00
       2    4  0.05811   0.17632     0.0340  1.000  0.00
       2    3  0.04699   0.19797     0.0438  1.000  0.00
       3    4  0.06701   0.17103     0.0000  1.000  0.00
       4    5  0.01335   0.04211     0.0000  1.000  0.00
       4    7  0.00000   0.20912     0.0000  1.000  0.00
       4    9  0.00000   0.55618     0.0000  1.000  0.00
       5    6  0.00000   0.25202     0.0000  1.000  0.00
       6   12  0.12291   0.25581     0.0000  1.000  0.00
       6   13  0.06615   0.13027     0.0000  1.000  0.00
       6   11  0.09498   0.19890     0.0000  1.000  0.00
       7    9  0.00000   0.11001     0.0000  1.000  0.00
       7    8  0.00000   0.17615     0.0000  1.000  0.00
       9   10  0.03181   0.08450     0.0000  1.000  0.00
       9   14  0.12711   0.27038     0.0000  1.000  0.00
      10   11  0.08205   0.19207     0.0000  1.000  0.00
      12   13  0.22092   0.19988     0.0000  1.000  0.00
      13   14  0.17093   0.34802     0.0000  1.000  0.00];


ModeloCarga = [ 1	1.0     0.0     0.0     1.0     0.0     0.0;
		        2	1.0     0.0     0.0     1.0     0.0     0.0;
		        3	1.0     0.0     0.0     1.0 	0.0 	0.0;
                4	1.0     0.0     0.0     1.0     0.0     0.0;
		        5	1.0     0.0     0.0     1.0     0.0     0.0;
		        6	1.0     0.0     0.0     1.0 	0.0 	0.0;
	            7	1.0     0.0     0.0     1.0     0.0     0.0;
		        8	1.0     0.0     0.0     1.0     0.0     0.0;
		        8	1.0     0.0     0.0     1.0 	0.0 	0.0;
                10	1.0     0.0     0.0     1.0     0.0     0.0;
		        11	1.0     0.0     0.0     1.0     0.0     0.0;
		        12	1.0     0.0     0.0     1.0 	0.0 	0.0;
		        13	1.0     0.0     0.0     1.0 	0.0 	0.0;
		        14	1.0     0.0     0.0     1.0 	0.0 	0.0];

% Medidas disponiveis.
% tipos: 1- Fluxo de potencia ativa
%        2- Injeção de potencia ativa
%        3- Fluxo de potência reativa
%        4- Injeção de potência reativa
%        5- Medida de tensão
% No_da_medida      tipo      de      para     valor(pu)   linha      variância
M=[
%    0                10       1       1          0.0000       0          0.001   % Medida de ângulo

    1                 1       1       2          3.3722       2          0.002
    2                 1       1       5          1.5319       1          0.002
    3                 1       2       3          1.0307       5          0.002
    7                 1       5       4          0.7983       7          0.002
    7                 1       7       8          0.0000      15          0.002
    8                 1       7       9          0.8454      14          0.002
    6                 1       6      13          0.3778      12          0.002 %
    7                 1      10      11         -0.0434      18          0.002 %
%
    9                 2       1       0           4.9041      0          0.003
   10                 2       2       0          -0.2170      0          0.003
   11                 2       3       0          -0.9420      0          0.003
%   15                 2       6       0          -0.1120      0          0.003 %
    7                 2       8       0           0.0000      0          0.003
   14                 2      12       0          -0.6100      0          0.003
%   15                 2       9       0          -0.3500*2  0          0.0003 %restauração
%   15                 2      11       0          -0.2950*2  0          0.0003 %restauração
%   15                 2      13       0          -0.1350*2  0          0.0003 %restauração
%   15                 2      14       0          -0.1490*2  0          0.0003 %restauração
%
    1                 3       1       2          -0.7416      2          0.002
    2                 3       1       5           0.1897      1          0.002
    3                 3       2       3          -0.1537      5          0.002
    7                 3       5       4          -0.2375      7          0.002
    7                 3       7       8          -0.3030     15          0.002
    8                 3       7       9           0.1570     14          0.002
    6                 3       6      13           0.1271     12          0.002 %
    7                 3      10      11          -0.1104     18          0.002 %
%
    1                 5       1       1           1.0000      0          0.001
    4                 5       4       4           0.9301      0          0.001
    4                 5       5       5           0.9300      0          0.001
    4                 5       8       8           1.0000      0          0.001
    4                 5      11      11           0.9289      0          0.001 %
    4                 5      12      12           0.9206      0          0.001 %
%
    9                 4       1       0          -0.5519      0          0.003
   10                 4       2       0           1.5340      0          0.003
   11                 4       3       0           0.7185      0          0.003
%   15                 4       6       0           0.9492      0          0.003 %
    7                 4       8       0           0.3212      0          0.003
   14                 4      12       0          -0.0160      0          0.003
%   15                 4      13       0          -0.0580*1.2  0          0.0003 %restauração
%   15                 4      14       0          -0.0500*1.2  0          0.0003 %restauração
];
