%	Dados das barras
%	3 - slack ; 2 - PV ; 0 - PQ
%
%	   Número Tipo V(pu) Ângulo(g) Pg(MW) Qg(MVar)   Pc(MW) Qc(MVar) bshk(MVar)
barras = [  1   0  1.0284   5.95     0.00     0.00    90.00    49.00  0.0000
            2   0  1.0354   7.74     0.00     0.00    56.00    15.00  0.0000
            3   0  0.9971   6.64     0.00     0.00    20.00     0.00  0.0000
            4   0  1.0308   4.71     0.00     0.00     0.00     0.00  0.0000
            5   0  1.0191   4.68     0.00     0.00   353.00   130.00  0.0000
            6   0  1.0312   6.99     0.00     0.00   120.00    41.00  0.0000
            7   0  0.9934   6.19     0.00     0.00     0.00     0.00  0.0000
            8   2  1.0153   2.40    -5.00     0.00    58.00    14.00  0.0000
            9   0  1.0034   2.85     0.00     0.00    96.00    43.00  0.0000
           10   2  1.0205   1.35    -5.00     0.00   148.00    33.00  0.0000
           11   0  1.0057   2.46     0.00     0.00    83.00    21.00  0.0000
           12   0  0.9974   5.21     0.00     0.00     0.00     0.00  0.0000
           13   0  0.9977  -0.55     0.00     0.00    58.00    10.00  0.0000
           14   0  0.9991  -4.81     0.00     0.00   160.00    60.00  0.0000
           15   0  1.0343  -8.59     0.00     0.00   126.70    23.00  0.0000
           16   0  1.0315  -2.65     0.00     0.00     0.00     0.00  0.0000
           17   0  1.0649 -13.10     0.00     0.00   561.00   220.00  0.0000
           19   0  0.9820   1.08     0.00     0.00     0.00     0.00  0.0000
           20   2  1.0010  -2.46   -10.00     0.00   595.00   120.00  0.0000
           21   0  0.9752   1.62     0.00     0.00    77.00     1.00  0.0000
           22   0  0.9963  -1.97     0.00     0.00    81.00    23.00  0.0000
           23   0  1.0501   3.94     0.00     0.00    21.00     7.00  0.0000
           24   0  1.0057   6.02     0.00     0.00     0.00     0.00  0.0000
           25   0  1.0234   1.44     0.00     0.00    45.00    12.00  0.0000
           26   0  0.9986  -1.73     0.00     0.00    28.00     9.00  0.0000
           27   0  0.9750  -4.90     0.00     0.00    69.00    13.00  0.0000
           33   0  1.0244 -12.02     0.00     0.00    55.00     6.00  0.0000
           34   0  1.0414  -7.94     0.00     0.00     0.00     0.00  0.0000
           35   0  0.9757 -25.72     0.00     0.00     0.00     0.00  0.0000
           36   0  1.0011 -22.59     0.00     0.00     0.00     0.00  0.0000
           37   0  1.0201 -11.23     0.00     0.00    85.00    32.00  0.0000
           38   0  1.0202 -12.56     0.00     0.00   155.00    18.00  0.0000
           39   0  1.0535  -5.81     0.00     0.00     0.00     0.00  0.0000
           40   0  1.0216 -12.78     0.00     0.00    46.00   -21.00  0.0000
           41   0  1.0292 -10.45     0.00     0.00    86.00     0.00  0.0000
           42   0  1.0448  -7.44     0.00     0.00     0.00     0.00  0.0000
           43   0  1.0006 -16.79     0.00     0.00    39.00     9.00  0.0000
           44   0  1.0086 -17.47     0.00     0.00   195.00    29.00  0.0000
           45   0  1.0215 -14.74     0.00     0.00     0.00     0.00  0.0000
           46   0  1.0344 -11.75     0.00     0.00     0.00     0.00  0.0000
           47   0  0.9777 -23.17     0.00     0.00    58.00    11.80  0.0000
           48   0  1.0019 -16.09     0.00     0.00    41.00    19.00  0.0000
           49   0  1.0475  -2.95     0.00     0.00    92.00    26.00  0.0000
           51   0  1.0253  -8.15     0.00     0.00    -5.00     5.00  0.0000
           52   0  0.9979 -11.86     0.00     0.00    61.00    28.00  0.0000
           53   0  0.9959 -17.60     0.00     0.00    69.00     3.00  0.0000
           54   0  1.0050 -16.25     0.00     0.00    10.00     1.00  0.0000
           55   0  1.0150 -12.21     0.00     0.00    22.00    10.00  0.0000
           57   0  1.0335  -8.00     0.00     0.00    98.00    20.00  0.0000
           58   0  0.9918  -5.99     0.00     0.00    14.00     1.00  0.0000
           59   0  0.9789  -5.29     0.00     0.00   218.00   106.00  0.0000
           60   0  1.0246  -9.56     0.00     0.00     0.00     0.00  0.0000
           61   0  0.9906  -3.47     0.00     0.00   227.00   110.00  0.0000
           62   0  1.0160  -1.10     0.00     0.00     0.00     0.00  0.0000
           63   2  0.9583 -17.62     0.00     0.00    70.00    30.00  0.0000
           64   0  0.9480 -12.97     0.00     0.00     0.00     0.00  0.0000
           69   0  0.9630 -25.66     0.00     0.00     0.00     0.00  0.0000
           70   0  0.9513 -35.16     0.00     0.00    56.00    20.00  0.0000
           71   0  0.9793 -29.88     0.00     0.00   116.00    38.00  0.0000
           72   0  0.9696 -27.48     0.00     0.00    57.00    19.00  0.0000
           73   0  0.9775 -25.77     0.00     0.00   224.00    71.00  0.0000
           74   0  0.9964 -22.00     0.00     0.00     0.00     0.00  0.0000
           76   2  0.9632 -26.54     0.00     0.00   208.00   107.00  0.0000
           77   0  0.9837 -24.94     0.00     0.00    74.00    28.00  0.0000
           78   0  0.9900 -24.05     0.00     0.00     0.00     0.00  0.0000
           79   0  0.9820 -24.97     0.00     0.00    48.00    14.00  0.0000
           80   0  0.9872 -24.97     0.00     0.00    28.00     7.00  0.0000
           81   0  1.0340 -18.89     0.00     0.00     0.00     0.00  0.0000
           84   2  1.0250 -17.16   375.00     0.00    37.00    13.00  0.0000
           85   0  0.9872 -17.68     0.00     0.00     0.00     0.00  0.0000
           86   0  0.9909 -14.19     0.00     0.00     0.00     0.00  0.0000
           87   0  0.9921  -7.77     0.00     0.00     0.00     0.00  0.0000
           88   0  1.0151 -20.96     0.00     0.00     0.00     0.00  0.0000
           89   0  1.0317 -11.13     0.00     0.00    44.20     0.00  0.0000
           90   0  1.0272 -11.23     0.00     0.00    66.00     0.00  0.0000
           91   2  1.0520  -9.40   155.00     0.00    17.40     0.00  0.0000
           92   2  1.0520  -6.20   290.00     0.00    15.80     0.00  0.0000
           94   0  0.9930  -9.42     0.00     0.00    60.30     0.00  0.0000
           97   0  1.0183 -13.24     0.00     0.00    39.90     0.00  0.0000
           98   2  1.0000 -14.60    68.00     0.00    66.70     0.00  0.0000
           99   0  0.9894 -20.27     0.00     0.00    83.50     0.00  0.0000
          100   0  1.0060 -14.45     0.00     0.00     0.00     0.00  0.0000
          102   0  1.0008 -15.23     0.00     0.00    77.80     0.00  0.0000
          103   0  1.0288 -12.06     0.00     0.00    32.00     0.00  0.0000
          104   0  0.9958 -17.33     0.00     0.00     8.60     0.00  0.0000
          105   0  1.0223 -12.94     0.00     0.00    49.60     0.00  0.0000
          107   0  1.0095 -16.03     0.00     0.00     4.60     0.00  0.0000
          108   2  0.9900 -20.26   117.00     0.00   112.10     0.00  0.0000
          109   0  0.9749 -26.06     0.00     0.00    30.70     0.00  0.0000
          110   0  0.9730 -24.72     0.00     0.00    63.00     0.00  0.0000
          112   0  0.9725 -28.69     0.00     0.00    19.60     0.00  0.0000
          113   0  0.9700 -25.38     0.00     0.00    26.20     0.00  0.0000
          114   0  0.9747 -28.59     0.00     0.00    18.20     0.00  0.0000
          115   0  0.9603 -13.57     0.00     0.00     0.00     0.00  0.0000
          116   0  1.0249 -12.69     0.00     0.00     0.00     0.00  0.0000
          117   0  0.9348  -4.72     0.00     0.00     0.00     0.00  325.00
          118   0  0.9298  -4.12     0.00     0.00    14.10   650.00  0.0000
          119   2  1.0435   5.17  1930.00     0.00     0.00     0.00  0.0000
          120   0  0.9584  -8.77     0.00     0.00   777.00   215.00  55.00
          121   0  0.9871 -12.64     0.00     0.00   535.00    55.00  0.0000
          122   0  0.9728 -14.36     0.00     0.00   229.10    11.80  0.0000
          123   0  1.0006 -17.64     0.00     0.00    78.00     1.40  0.0000
